2021/06/22-14:06:58.448672 438c RocksDB version: 6.15.2
2021/06/22-14:06:58.448753 438c Git sha rocksdb_build_git_sha:@ca8082762f736a665b75fa1d39468856071bc3a9@
2021/06/22-14:06:58.448773 438c Compile date Jan  4 2021
2021/06/22-14:06:58.448838 438c DB SUMMARY
2021/06/22-14:06:58.448860 438c DB Session ID:  Q7CHQV9UFYA7QXSE6KM7
2021/06/22-14:06:58.448992 438c SST files in C:\Users\arimc\OneDrive\besu\IBFT-Network\Node-2\data\database dir, Total Num: 0, files: 
2021/06/22-14:06:58.449009 438c Write Ahead Log file in C:\Users\arimc\OneDrive\besu\IBFT-Network\Node-2\data\database: 
2021/06/22-14:06:58.449020 438c                         Options.error_if_exists: 0
2021/06/22-14:06:58.449030 438c                       Options.create_if_missing: 1
2021/06/22-14:06:58.449146 438c                         Options.paranoid_checks: 1
2021/06/22-14:06:58.449152 438c                               Options.track_and_verify_wals_in_manifest: 0
2021/06/22-14:06:58.449155 438c                                     Options.env: 00000263D5D878D0
2021/06/22-14:06:58.449164 438c                                      Options.fs: Legacy File System
2021/06/22-14:06:58.449168 438c                                Options.info_log: 00000263D4AA8020
2021/06/22-14:06:58.449171 438c                Options.max_file_opening_threads: 16
2021/06/22-14:06:58.449175 438c                              Options.statistics: 00000263D4747B50
2021/06/22-14:06:58.449178 438c                               Options.use_fsync: 0
2021/06/22-14:06:58.449181 438c                       Options.max_log_file_size: 0
2021/06/22-14:06:58.449185 438c                  Options.max_manifest_file_size: 1073741824
2021/06/22-14:06:58.449192 438c                   Options.log_file_time_to_roll: 0
2021/06/22-14:06:58.449195 438c                       Options.keep_log_file_num: 1000
2021/06/22-14:06:58.449198 438c                    Options.recycle_log_file_num: 0
2021/06/22-14:06:58.449202 438c                         Options.allow_fallocate: 1
2021/06/22-14:06:58.449205 438c                        Options.allow_mmap_reads: 0
2021/06/22-14:06:58.449208 438c                       Options.allow_mmap_writes: 0
2021/06/22-14:06:58.449211 438c                        Options.use_direct_reads: 0
2021/06/22-14:06:58.449214 438c                        Options.use_direct_io_for_flush_and_compaction: 0
2021/06/22-14:06:58.449218 438c          Options.create_missing_column_families: 1
2021/06/22-14:06:58.449221 438c                              Options.db_log_dir: 
2021/06/22-14:06:58.449224 438c                                 Options.wal_dir: C:\Users\arimc\OneDrive\besu\IBFT-Network\Node-2\data\database
2021/06/22-14:06:58.449227 438c                Options.table_cache_numshardbits: 6
2021/06/22-14:06:58.449231 438c                         Options.WAL_ttl_seconds: 0
2021/06/22-14:06:58.449234 438c                       Options.WAL_size_limit_MB: 0
2021/06/22-14:06:58.449237 438c                        Options.max_write_batch_group_size_bytes: 1048576
2021/06/22-14:06:58.449241 438c             Options.manifest_preallocation_size: 4194304
2021/06/22-14:06:58.449244 438c                     Options.is_fd_close_on_exec: 1
2021/06/22-14:06:58.449247 438c                   Options.advise_random_on_open: 1
2021/06/22-14:06:58.449250 438c                    Options.db_write_buffer_size: 0
2021/06/22-14:06:58.449253 438c                    Options.write_buffer_manager: 00000263D39FDEB0
2021/06/22-14:06:58.449257 438c         Options.access_hint_on_compaction_start: 1
2021/06/22-14:06:58.449260 438c  Options.new_table_reader_for_compaction_inputs: 0
2021/06/22-14:06:58.449263 438c           Options.random_access_max_buffer_size: 1048576
2021/06/22-14:06:58.449266 438c                      Options.use_adaptive_mutex: 0
2021/06/22-14:06:58.449270 438c                            Options.rate_limiter: 0000000000000000
2021/06/22-14:06:58.449273 438c     Options.sst_file_manager.rate_bytes_per_sec: 0
2021/06/22-14:06:58.449276 438c                       Options.wal_recovery_mode: 2
2021/06/22-14:06:58.449280 438c                  Options.enable_thread_tracking: 0
2021/06/22-14:06:58.449304 438c                  Options.enable_pipelined_write: 0
2021/06/22-14:06:58.449309 438c                  Options.unordered_write: 0
2021/06/22-14:06:58.449313 438c         Options.allow_concurrent_memtable_write: 1
2021/06/22-14:06:58.449316 438c      Options.enable_write_thread_adaptive_yield: 1
2021/06/22-14:06:58.449320 438c             Options.write_thread_max_yield_usec: 100
2021/06/22-14:06:58.449323 438c            Options.write_thread_slow_yield_usec: 3
2021/06/22-14:06:58.449327 438c                               Options.row_cache: None
2021/06/22-14:06:58.449330 438c                              Options.wal_filter: None
2021/06/22-14:06:58.449347 438c             Options.avoid_flush_during_recovery: 0
2021/06/22-14:06:58.449351 438c             Options.allow_ingest_behind: 0
2021/06/22-14:06:58.449355 438c             Options.preserve_deletes: 0
2021/06/22-14:06:58.449358 438c             Options.two_write_queues: 0
2021/06/22-14:06:58.449362 438c             Options.manual_wal_flush: 0
2021/06/22-14:06:58.449366 438c             Options.atomic_flush: 0
2021/06/22-14:06:58.449371 438c             Options.avoid_unnecessary_blocking_io: 0
2021/06/22-14:06:58.449375 438c                 Options.persist_stats_to_disk: 0
2021/06/22-14:06:58.449380 438c                 Options.write_dbid_to_manifest: 0
2021/06/22-14:06:58.449384 438c                 Options.log_readahead_size: 0
2021/06/22-14:06:58.449389 438c                 Options.file_checksum_gen_factory: Unknown
2021/06/22-14:06:58.449392 438c                 Options.best_efforts_recovery: 0
2021/06/22-14:06:58.449395 438c                Options.max_bgerror_resume_count: 2147483647
2021/06/22-14:06:58.449399 438c            Options.bgerror_resume_retry_interval: 1000000
2021/06/22-14:06:58.449402 438c             Options.allow_data_in_errors: 0
2021/06/22-14:06:58.449405 438c             Options.db_host_id: __hostname__
2021/06/22-14:06:58.449408 438c             Options.max_background_jobs: 2
2021/06/22-14:06:58.449412 438c             Options.max_background_compactions: 4
2021/06/22-14:06:58.449415 438c             Options.max_subcompactions: 1
2021/06/22-14:06:58.449418 438c             Options.avoid_flush_during_shutdown: 0
2021/06/22-14:06:58.449421 438c           Options.writable_file_max_buffer_size: 1048576
2021/06/22-14:06:58.449424 438c             Options.delayed_write_rate : 16777216
2021/06/22-14:06:58.449427 438c             Options.max_total_wal_size: 0
2021/06/22-14:06:58.449431 438c             Options.delete_obsolete_files_period_micros: 21600000000
2021/06/22-14:06:58.449434 438c                   Options.stats_dump_period_sec: 600
2021/06/22-14:06:58.449437 438c                 Options.stats_persist_period_sec: 600
2021/06/22-14:06:58.449440 438c                 Options.stats_history_buffer_size: 1048576
2021/06/22-14:06:58.449444 438c                          Options.max_open_files: 1024
2021/06/22-14:06:58.449447 438c                          Options.bytes_per_sync: 0
2021/06/22-14:06:58.449450 438c                      Options.wal_bytes_per_sync: 0
2021/06/22-14:06:58.449453 438c                   Options.strict_bytes_per_sync: 0
2021/06/22-14:06:58.449456 438c       Options.compaction_readahead_size: 0
2021/06/22-14:06:58.449459 438c                  Options.max_background_flushes: -1
2021/06/22-14:06:58.449463 438c Compression algorithms supported:
2021/06/22-14:06:58.449467 438c 	kZSTD supported: 1
2021/06/22-14:06:58.449470 438c 	kSnappyCompression supported: 1
2021/06/22-14:06:58.449474 438c 	kBZip2Compression supported: 0
2021/06/22-14:06:58.449477 438c 	kZlibCompression supported: 1
2021/06/22-14:06:58.449480 438c 	kLZ4Compression supported: 1
2021/06/22-14:06:58.449483 438c 	kXpressCompression supported: 0
2021/06/22-14:06:58.449486 438c 	kLZ4HCCompression supported: 1
2021/06/22-14:06:58.449490 438c 	kZSTDNotFinalCompression supported: 1
2021/06/22-14:06:58.449507 438c Fast CRC32 supported: Supported on x86
2021/06/22-14:06:58.452537 438c [db\db_impl\db_impl_open.cc:281] Creating manifest 1 
2021/06/22-14:06:58.458769 438c [db\version_set.cc:4725] Recovering from manifest file: C:\Users\arimc\OneDrive\besu\IBFT-Network\Node-2\data\database/MANIFEST-000001
2021/06/22-14:06:58.459144 438c [db\column_family.cc:597] --------------- Options for column family [default]:
2021/06/22-14:06:58.459163 438c               Options.comparator: leveldb.BytewiseComparator
2021/06/22-14:06:58.459167 438c           Options.merge_operator: None
2021/06/22-14:06:58.459170 438c        Options.compaction_filter: None
2021/06/22-14:06:58.459173 438c        Options.compaction_filter_factory: None
2021/06/22-14:06:58.459180 438c  Options.sst_partitioner_factory: None
2021/06/22-14:06:58.459183 438c         Options.memtable_factory: SkipListFactory
2021/06/22-14:06:58.459187 438c            Options.table_factory: BlockBasedTable
2021/06/22-14:06:58.459216 438c            table_factory options:   flush_block_policy_factory: FlushBlockBySizePolicyFactory (00000263D4782F50)
  cache_index_and_filter_blocks: 0
  cache_index_and_filter_blocks_with_high_priority: 1
  pin_l0_filter_and_index_blocks_in_cache: 0
  pin_top_level_index_and_filter: 1
  index_type: 0
  data_block_index_type: 0
  index_shortening: 1
  data_block_hash_table_util_ratio: 0.750000
  hash_index_allow_collision: 1
  checksum: 1
  no_block_cache: 0
  block_cache: 00000263D24D7DC0
  block_cache_name: LRUCache
  block_cache_options:
    capacity : 8388608
    num_shard_bits : 4
    strict_capacity_limit : 0
    memory_allocator : None
    high_pri_pool_ratio: 0.000
  block_cache_compressed: 0000000000000000
  persistent_cache: 0000000000000000
  block_size: 4096
  block_size_deviation: 10
  block_restart_interval: 16
  index_block_restart_interval: 1
  metadata_block_size: 4096
  partition_filters: 0
  use_delta_encoding: 1
  filter_policy: nullptr
  whole_key_filtering: 1
  verify_compression: 0
  read_amp_bytes_per_bit: 0
  format_version: 4
  enable_index_compression: 1
  block_align: 0
2021/06/22-14:06:58.459221 438c        Options.write_buffer_size: 67108864
2021/06/22-14:06:58.459224 438c  Options.max_write_buffer_number: 2
2021/06/22-14:06:58.459227 438c          Options.compression: Snappy
2021/06/22-14:06:58.459231 438c                  Options.bottommost_compression: Disabled
2021/06/22-14:06:58.459234 438c       Options.prefix_extractor: nullptr
2021/06/22-14:06:58.459237 438c   Options.memtable_insert_with_hint_prefix_extractor: nullptr
2021/06/22-14:06:58.459240 438c             Options.num_levels: 7
2021/06/22-14:06:58.459243 438c        Options.min_write_buffer_number_to_merge: 1
2021/06/22-14:06:58.459246 438c     Options.max_write_buffer_number_to_maintain: 0
2021/06/22-14:06:58.459249 438c     Options.max_write_buffer_size_to_maintain: 134217728
2021/06/22-14:06:58.459252 438c            Options.bottommost_compression_opts.window_bits: -14
2021/06/22-14:06:58.459256 438c                  Options.bottommost_compression_opts.level: 32767
2021/06/22-14:06:58.459259 438c               Options.bottommost_compression_opts.strategy: 0
2021/06/22-14:06:58.459262 438c         Options.bottommost_compression_opts.max_dict_bytes: 0
2021/06/22-14:06:58.459265 438c         Options.bottommost_compression_opts.zstd_max_train_bytes: 0
2021/06/22-14:06:58.459269 438c         Options.bottommost_compression_opts.parallel_threads: 1
2021/06/22-14:06:58.459272 438c                  Options.bottommost_compression_opts.enabled: false
2021/06/22-14:06:58.459275 438c            Options.compression_opts.window_bits: -14
2021/06/22-14:06:58.459278 438c                  Options.compression_opts.level: 32767
2021/06/22-14:06:58.459281 438c               Options.compression_opts.strategy: 0
2021/06/22-14:06:58.459284 438c         Options.compression_opts.max_dict_bytes: 0
2021/06/22-14:06:58.459288 438c         Options.compression_opts.zstd_max_train_bytes: 0
2021/06/22-14:06:58.459291 438c         Options.compression_opts.parallel_threads: 1
2021/06/22-14:06:58.459294 438c                  Options.compression_opts.enabled: false
2021/06/22-14:06:58.459297 438c      Options.level0_file_num_compaction_trigger: 4
2021/06/22-14:06:58.459303 438c          Options.level0_slowdown_writes_trigger: 20
2021/06/22-14:06:58.459308 438c              Options.level0_stop_writes_trigger: 36
2021/06/22-14:06:58.459311 438c                   Options.target_file_size_base: 67108864
2021/06/22-14:06:58.459314 438c             Options.target_file_size_multiplier: 1
2021/06/22-14:06:58.459317 438c                Options.max_bytes_for_level_base: 268435456
2021/06/22-14:06:58.459320 438c Options.level_compaction_dynamic_level_bytes: 0
2021/06/22-14:06:58.459323 438c          Options.max_bytes_for_level_multiplier: 10.000000
2021/06/22-14:06:58.459328 438c Options.max_bytes_for_level_multiplier_addtl[0]: 1
2021/06/22-14:06:58.459331 438c Options.max_bytes_for_level_multiplier_addtl[1]: 1
2021/06/22-14:06:58.459334 438c Options.max_bytes_for_level_multiplier_addtl[2]: 1
2021/06/22-14:06:58.459337 438c Options.max_bytes_for_level_multiplier_addtl[3]: 1
2021/06/22-14:06:58.459340 438c Options.max_bytes_for_level_multiplier_addtl[4]: 1
2021/06/22-14:06:58.459343 438c Options.max_bytes_for_level_multiplier_addtl[5]: 1
2021/06/22-14:06:58.459347 438c Options.max_bytes_for_level_multiplier_addtl[6]: 1
2021/06/22-14:06:58.459350 438c       Options.max_sequential_skip_in_iterations: 8
2021/06/22-14:06:58.459353 438c                    Options.max_compaction_bytes: 1677721600
2021/06/22-14:06:58.459356 438c                        Options.arena_block_size: 8388608
2021/06/22-14:06:58.459359 438c   Options.soft_pending_compaction_bytes_limit: 68719476736
2021/06/22-14:06:58.459363 438c   Options.hard_pending_compaction_bytes_limit: 274877906944
2021/06/22-14:06:58.459366 438c       Options.rate_limit_delay_max_milliseconds: 100
2021/06/22-14:06:58.459369 438c                Options.disable_auto_compactions: 1
2021/06/22-14:06:58.459373 438c                        Options.compaction_style: kCompactionStyleLevel
2021/06/22-14:06:58.459377 438c                          Options.compaction_pri: kMinOverlappingRatio
2021/06/22-14:06:58.459380 438c Options.compaction_options_universal.size_ratio: 1
2021/06/22-14:06:58.459383 438c Options.compaction_options_universal.min_merge_width: 2
2021/06/22-14:06:58.459386 438c Options.compaction_options_universal.max_merge_width: 4294967295
2021/06/22-14:06:58.459389 438c Options.compaction_options_universal.max_size_amplification_percent: 200
2021/06/22-14:06:58.459393 438c Options.compaction_options_universal.compression_size_percent: -1
2021/06/22-14:06:58.459396 438c Options.compaction_options_universal.stop_style: kCompactionStopStyleTotalSize
2021/06/22-14:06:58.459399 438c Options.compaction_options_fifo.max_table_files_size: 1073741824
2021/06/22-14:06:58.459403 438c Options.compaction_options_fifo.allow_compaction: 0
2021/06/22-14:06:58.459409 438c                   Options.table_properties_collectors: 
2021/06/22-14:06:58.459412 438c                   Options.inplace_update_support: 0
2021/06/22-14:06:58.459415 438c                 Options.inplace_update_num_locks: 10000
2021/06/22-14:06:58.459418 438c               Options.memtable_prefix_bloom_size_ratio: 0.000000
2021/06/22-14:06:58.459421 438c               Options.memtable_whole_key_filtering: 0
2021/06/22-14:06:58.459425 438c   Options.memtable_huge_page_size: 0
2021/06/22-14:06:58.459428 438c                           Options.bloom_locality: 0
2021/06/22-14:06:58.459431 438c                    Options.max_successive_merges: 0
2021/06/22-14:06:58.459434 438c                Options.optimize_filters_for_hits: 0
2021/06/22-14:06:58.459437 438c                Options.paranoid_file_checks: 0
2021/06/22-14:06:58.459441 438c                Options.force_consistency_checks: 1
2021/06/22-14:06:58.459444 438c                Options.report_bg_io_stats: 0
2021/06/22-14:06:58.459447 438c                               Options.ttl: 2592000
2021/06/22-14:06:58.459450 438c          Options.periodic_compaction_seconds: 0
2021/06/22-14:06:58.459453 438c                    Options.enable_blob_files: false
2021/06/22-14:06:58.459456 438c                        Options.min_blob_size: 0
2021/06/22-14:06:58.459495 438c                       Options.blob_file_size: 268435456
2021/06/22-14:06:58.459502 438c                Options.blob_compression_type: NoCompression
2021/06/22-14:06:58.459527 438c       Options.enable_blob_garbage_collection: false
2021/06/22-14:06:58.459531 438c   Options.blob_garbage_collection_age_cutoff: 0.250000
2021/06/22-14:06:58.460983 438c [db\version_set.cc:4773] Recovered from manifest file:C:\Users\arimc\OneDrive\besu\IBFT-Network\Node-2\data\database/MANIFEST-000001 succeeded,manifest_file_number is 1, next_file_number is 3, last_sequence is 0, log_number is 0,prev_log_number is 0,max_column_family is 0,min_log_number_to_keep is 0
2021/06/22-14:06:58.460993 438c [db\version_set.cc:4782] Column family [default] (ID 0), log number is 0
2021/06/22-14:06:58.461384 438c [db\version_set.cc:4083] Creating manifest 3
2021/06/22-14:06:58.467211 438c [db\column_family.cc:597] --------------- Options for column family []:
2021/06/22-14:06:58.467227 438c               Options.comparator: leveldb.BytewiseComparator
2021/06/22-14:06:58.467231 438c           Options.merge_operator: None
2021/06/22-14:06:58.467234 438c        Options.compaction_filter: None
2021/06/22-14:06:58.467237 438c        Options.compaction_filter_factory: None
2021/06/22-14:06:58.467240 438c  Options.sst_partitioner_factory: None
2021/06/22-14:06:58.467244 438c         Options.memtable_factory: SkipListFactory
2021/06/22-14:06:58.467247 438c            Options.table_factory: BlockBasedTable
2021/06/22-14:06:58.467269 438c            table_factory options:   flush_block_policy_factory: FlushBlockBySizePolicyFactory (00000263D4782F60)
  cache_index_and_filter_blocks: 0
  cache_index_and_filter_blocks_with_high_priority: 1
  pin_l0_filter_and_index_blocks_in_cache: 0
  pin_top_level_index_and_filter: 1
  index_type: 0
  data_block_index_type: 0
  index_shortening: 1
  data_block_hash_table_util_ratio: 0.750000
  hash_index_allow_collision: 1
  checksum: 1
  no_block_cache: 0
  block_cache: 00000263D24D7840
  block_cache_name: LRUCache
  block_cache_options:
    capacity : 8388608
    num_shard_bits : 4
    strict_capacity_limit : 0
    memory_allocator : None
    high_pri_pool_ratio: 0.000
  block_cache_compressed: 0000000000000000
  persistent_cache: 0000000000000000
  block_size: 4096
  block_size_deviation: 10
  block_restart_interval: 16
  index_block_restart_interval: 1
  metadata_block_size: 4096
  partition_filters: 0
  use_delta_encoding: 1
  filter_policy: nullptr
  whole_key_filtering: 1
  verify_compression: 0
  read_amp_bytes_per_bit: 0
  format_version: 4
  enable_index_compression: 1
  block_align: 0
2021/06/22-14:06:58.467273 438c        Options.write_buffer_size: 67108864
2021/06/22-14:06:58.467277 438c  Options.max_write_buffer_number: 2
2021/06/22-14:06:58.467280 438c          Options.compression: Snappy
2021/06/22-14:06:58.467283 438c                  Options.bottommost_compression: Disabled
2021/06/22-14:06:58.467286 438c       Options.prefix_extractor: nullptr
2021/06/22-14:06:58.467290 438c   Options.memtable_insert_with_hint_prefix_extractor: nullptr
2021/06/22-14:06:58.467293 438c             Options.num_levels: 7
2021/06/22-14:06:58.467296 438c        Options.min_write_buffer_number_to_merge: 1
2021/06/22-14:06:58.467299 438c     Options.max_write_buffer_number_to_maintain: 0
2021/06/22-14:06:58.467302 438c     Options.max_write_buffer_size_to_maintain: 134217728
2021/06/22-14:06:58.467306 438c            Options.bottommost_compression_opts.window_bits: -14
2021/06/22-14:06:58.467309 438c                  Options.bottommost_compression_opts.level: 32767
2021/06/22-14:06:58.467312 438c               Options.bottommost_compression_opts.strategy: 0
2021/06/22-14:06:58.467315 438c         Options.bottommost_compression_opts.max_dict_bytes: 0
2021/06/22-14:06:58.467319 438c         Options.bottommost_compression_opts.zstd_max_train_bytes: 0
2021/06/22-14:06:58.467322 438c         Options.bottommost_compression_opts.parallel_threads: 1
2021/06/22-14:06:58.467367 438c                  Options.bottommost_compression_opts.enabled: false
2021/06/22-14:06:58.467373 438c            Options.compression_opts.window_bits: -14
2021/06/22-14:06:58.467376 438c                  Options.compression_opts.level: 32767
2021/06/22-14:06:58.467380 438c               Options.compression_opts.strategy: 0
2021/06/22-14:06:58.467383 438c         Options.compression_opts.max_dict_bytes: 0
2021/06/22-14:06:58.467386 438c         Options.compression_opts.zstd_max_train_bytes: 0
2021/06/22-14:06:58.467389 438c         Options.compression_opts.parallel_threads: 1
2021/06/22-14:06:58.467393 438c                  Options.compression_opts.enabled: false
2021/06/22-14:06:58.467396 438c      Options.level0_file_num_compaction_trigger: 4
2021/06/22-14:06:58.467399 438c          Options.level0_slowdown_writes_trigger: 20
2021/06/22-14:06:58.467402 438c              Options.level0_stop_writes_trigger: 36
2021/06/22-14:06:58.467405 438c                   Options.target_file_size_base: 67108864
2021/06/22-14:06:58.467409 438c             Options.target_file_size_multiplier: 1
2021/06/22-14:06:58.467412 438c                Options.max_bytes_for_level_base: 268435456
2021/06/22-14:06:58.467415 438c Options.level_compaction_dynamic_level_bytes: 0
2021/06/22-14:06:58.467418 438c          Options.max_bytes_for_level_multiplier: 10.000000
2021/06/22-14:06:58.467422 438c Options.max_bytes_for_level_multiplier_addtl[0]: 1
2021/06/22-14:06:58.467426 438c Options.max_bytes_for_level_multiplier_addtl[1]: 1
2021/06/22-14:06:58.467429 438c Options.max_bytes_for_level_multiplier_addtl[2]: 1
2021/06/22-14:06:58.467432 438c Options.max_bytes_for_level_multiplier_addtl[3]: 1
2021/06/22-14:06:58.467435 438c Options.max_bytes_for_level_multiplier_addtl[4]: 1
2021/06/22-14:06:58.467439 438c Options.max_bytes_for_level_multiplier_addtl[5]: 1
2021/06/22-14:06:58.467442 438c Options.max_bytes_for_level_multiplier_addtl[6]: 1
2021/06/22-14:06:58.467445 438c       Options.max_sequential_skip_in_iterations: 8
2021/06/22-14:06:58.467448 438c                    Options.max_compaction_bytes: 1677721600
2021/06/22-14:06:58.467451 438c                        Options.arena_block_size: 8388608
2021/06/22-14:06:58.467455 438c   Options.soft_pending_compaction_bytes_limit: 68719476736
2021/06/22-14:06:58.467458 438c   Options.hard_pending_compaction_bytes_limit: 274877906944
2021/06/22-14:06:58.467461 438c       Options.rate_limit_delay_max_milliseconds: 100
2021/06/22-14:06:58.467464 438c                Options.disable_auto_compactions: 1
2021/06/22-14:06:58.467468 438c                        Options.compaction_style: kCompactionStyleLevel
2021/06/22-14:06:58.467472 438c                          Options.compaction_pri: kMinOverlappingRatio
2021/06/22-14:06:58.467475 438c Options.compaction_options_universal.size_ratio: 1
2021/06/22-14:06:58.467478 438c Options.compaction_options_universal.min_merge_width: 2
2021/06/22-14:06:58.467482 438c Options.compaction_options_universal.max_merge_width: 4294967295
2021/06/22-14:06:58.467485 438c Options.compaction_options_universal.max_size_amplification_percent: 200
2021/06/22-14:06:58.467488 438c Options.compaction_options_universal.compression_size_percent: -1
2021/06/22-14:06:58.467492 438c Options.compaction_options_universal.stop_style: kCompactionStopStyleTotalSize
2021/06/22-14:06:58.467495 438c Options.compaction_options_fifo.max_table_files_size: 1073741824
2021/06/22-14:06:58.467499 438c Options.compaction_options_fifo.allow_compaction: 0
2021/06/22-14:06:58.467507 438c                   Options.table_properties_collectors: 
2021/06/22-14:06:58.467512 438c                   Options.inplace_update_support: 0
2021/06/22-14:06:58.467516 438c                 Options.inplace_update_num_locks: 10000
2021/06/22-14:06:58.467520 438c               Options.memtable_prefix_bloom_size_ratio: 0.000000
2021/06/22-14:06:58.467524 438c               Options.memtable_whole_key_filtering: 0
2021/06/22-14:06:58.467528 438c   Options.memtable_huge_page_size: 0
2021/06/22-14:06:58.467532 438c                           Options.bloom_locality: 0
2021/06/22-14:06:58.467538 438c                    Options.max_successive_merges: 0
2021/06/22-14:06:58.467544 438c                Options.optimize_filters_for_hits: 0
2021/06/22-14:06:58.467548 438c                Options.paranoid_file_checks: 0
2021/06/22-14:06:58.467553 438c                Options.force_consistency_checks: 1
2021/06/22-14:06:58.467557 438c                Options.report_bg_io_stats: 0
2021/06/22-14:06:58.467562 438c                               Options.ttl: 2592000
2021/06/22-14:06:58.467566 438c          Options.periodic_compaction_seconds: 0
2021/06/22-14:06:58.467571 438c                    Options.enable_blob_files: false
2021/06/22-14:06:58.467576 438c                        Options.min_blob_size: 0
2021/06/22-14:06:58.467580 438c                       Options.blob_file_size: 268435456
2021/06/22-14:06:58.467585 438c                Options.blob_compression_type: NoCompression
2021/06/22-14:06:58.467590 438c       Options.enable_blob_garbage_collection: false
2021/06/22-14:06:58.467739 438c   Options.blob_garbage_collection_age_cutoff: 0.250000
2021/06/22-14:06:58.467872 438c [db\db_impl\db_impl.cc:2632] Created column family [] (ID 1)
2021/06/22-14:06:58.472988 438c [db\column_family.cc:597] --------------- Options for column family []:
2021/06/22-14:06:58.473003 438c               Options.comparator: leveldb.BytewiseComparator
2021/06/22-14:06:58.473007 438c           Options.merge_operator: None
2021/06/22-14:06:58.473010 438c        Options.compaction_filter: None
2021/06/22-14:06:58.473013 438c        Options.compaction_filter_factory: None
2021/06/22-14:06:58.473016 438c  Options.sst_partitioner_factory: None
2021/06/22-14:06:58.473019 438c         Options.memtable_factory: SkipListFactory
2021/06/22-14:06:58.473023 438c            Options.table_factory: BlockBasedTable
2021/06/22-14:06:58.473052 438c            table_factory options:   flush_block_policy_factory: FlushBlockBySizePolicyFactory (00000263D4782F70)
  cache_index_and_filter_blocks: 0
  cache_index_and_filter_blocks_with_high_priority: 1
  pin_l0_filter_and_index_blocks_in_cache: 0
  pin_top_level_index_and_filter: 1
  index_type: 0
  data_block_index_type: 0
  index_shortening: 1
  data_block_hash_table_util_ratio: 0.750000
  hash_index_allow_collision: 1
  checksum: 1
  no_block_cache: 0
  block_cache: 00000263D24D7FD0
  block_cache_name: LRUCache
  block_cache_options:
    capacity : 8388608
    num_shard_bits : 4
    strict_capacity_limit : 0
    memory_allocator : None
    high_pri_pool_ratio: 0.000
  block_cache_compressed: 0000000000000000
  persistent_cache: 0000000000000000
  block_size: 4096
  block_size_deviation: 10
  block_restart_interval: 16
  index_block_restart_interval: 1
  metadata_block_size: 4096
  partition_filters: 0
  use_delta_encoding: 1
  filter_policy: nullptr
  whole_key_filtering: 1
  verify_compression: 0
  read_amp_bytes_per_bit: 0
  format_version: 4
  enable_index_compression: 1
  block_align: 0
2021/06/22-14:06:58.473057 438c        Options.write_buffer_size: 67108864
2021/06/22-14:06:58.473060 438c  Options.max_write_buffer_number: 2
2021/06/22-14:06:58.473064 438c          Options.compression: Snappy
2021/06/22-14:06:58.473067 438c                  Options.bottommost_compression: Disabled
2021/06/22-14:06:58.473070 438c       Options.prefix_extractor: nullptr
2021/06/22-14:06:58.473073 438c   Options.memtable_insert_with_hint_prefix_extractor: nullptr
2021/06/22-14:06:58.473077 438c             Options.num_levels: 7
2021/06/22-14:06:58.473080 438c        Options.min_write_buffer_number_to_merge: 1
2021/06/22-14:06:58.473083 438c     Options.max_write_buffer_number_to_maintain: 0
2021/06/22-14:06:58.473086 438c     Options.max_write_buffer_size_to_maintain: 134217728
2021/06/22-14:06:58.473090 438c            Options.bottommost_compression_opts.window_bits: -14
2021/06/22-14:06:58.473093 438c                  Options.bottommost_compression_opts.level: 32767
2021/06/22-14:06:58.473096 438c               Options.bottommost_compression_opts.strategy: 0
2021/06/22-14:06:58.473102 438c         Options.bottommost_compression_opts.max_dict_bytes: 0
2021/06/22-14:06:58.473107 438c         Options.bottommost_compression_opts.zstd_max_train_bytes: 0
2021/06/22-14:06:58.473111 438c         Options.bottommost_compression_opts.parallel_threads: 1
2021/06/22-14:06:58.473114 438c                  Options.bottommost_compression_opts.enabled: false
2021/06/22-14:06:58.473117 438c            Options.compression_opts.window_bits: -14
2021/06/22-14:06:58.473120 438c                  Options.compression_opts.level: 32767
2021/06/22-14:06:58.473124 438c               Options.compression_opts.strategy: 0
2021/06/22-14:06:58.473127 438c         Options.compression_opts.max_dict_bytes: 0
2021/06/22-14:06:58.473130 438c         Options.compression_opts.zstd_max_train_bytes: 0
2021/06/22-14:06:58.473134 438c         Options.compression_opts.parallel_threads: 1
2021/06/22-14:06:58.473137 438c                  Options.compression_opts.enabled: false
2021/06/22-14:06:58.473140 438c      Options.level0_file_num_compaction_trigger: 4
2021/06/22-14:06:58.473143 438c          Options.level0_slowdown_writes_trigger: 20
2021/06/22-14:06:58.473146 438c              Options.level0_stop_writes_trigger: 36
2021/06/22-14:06:58.473149 438c                   Options.target_file_size_base: 67108864
2021/06/22-14:06:58.473153 438c             Options.target_file_size_multiplier: 1
2021/06/22-14:06:58.473156 438c                Options.max_bytes_for_level_base: 268435456
2021/06/22-14:06:58.473159 438c Options.level_compaction_dynamic_level_bytes: 0
2021/06/22-14:06:58.473162 438c          Options.max_bytes_for_level_multiplier: 10.000000
2021/06/22-14:06:58.473166 438c Options.max_bytes_for_level_multiplier_addtl[0]: 1
2021/06/22-14:06:58.473170 438c Options.max_bytes_for_level_multiplier_addtl[1]: 1
2021/06/22-14:06:58.473173 438c Options.max_bytes_for_level_multiplier_addtl[2]: 1
2021/06/22-14:06:58.473176 438c Options.max_bytes_for_level_multiplier_addtl[3]: 1
2021/06/22-14:06:58.473179 438c Options.max_bytes_for_level_multiplier_addtl[4]: 1
2021/06/22-14:06:58.473183 438c Options.max_bytes_for_level_multiplier_addtl[5]: 1
2021/06/22-14:06:58.473186 438c Options.max_bytes_for_level_multiplier_addtl[6]: 1
2021/06/22-14:06:58.473189 438c       Options.max_sequential_skip_in_iterations: 8
2021/06/22-14:06:58.473192 438c                    Options.max_compaction_bytes: 1677721600
2021/06/22-14:06:58.473196 438c                        Options.arena_block_size: 8388608
2021/06/22-14:06:58.473199 438c   Options.soft_pending_compaction_bytes_limit: 68719476736
2021/06/22-14:06:58.473202 438c   Options.hard_pending_compaction_bytes_limit: 274877906944
2021/06/22-14:06:58.473206 438c       Options.rate_limit_delay_max_milliseconds: 100
2021/06/22-14:06:58.473209 438c                Options.disable_auto_compactions: 1
2021/06/22-14:06:58.473213 438c                        Options.compaction_style: kCompactionStyleLevel
2021/06/22-14:06:58.473217 438c                          Options.compaction_pri: kMinOverlappingRatio
2021/06/22-14:06:58.473220 438c Options.compaction_options_universal.size_ratio: 1
2021/06/22-14:06:58.473223 438c Options.compaction_options_universal.min_merge_width: 2
2021/06/22-14:06:58.473226 438c Options.compaction_options_universal.max_merge_width: 4294967295
2021/06/22-14:06:58.473229 438c Options.compaction_options_universal.max_size_amplification_percent: 200
2021/06/22-14:06:58.473233 438c Options.compaction_options_universal.compression_size_percent: -1
2021/06/22-14:06:58.473237 438c Options.compaction_options_universal.stop_style: kCompactionStopStyleTotalSize
2021/06/22-14:06:58.473240 438c Options.compaction_options_fifo.max_table_files_size: 1073741824
2021/06/22-14:06:58.473243 438c Options.compaction_options_fifo.allow_compaction: 0
2021/06/22-14:06:58.473250 438c                   Options.table_properties_collectors: 
2021/06/22-14:06:58.473253 438c                   Options.inplace_update_support: 0
2021/06/22-14:06:58.473256 438c                 Options.inplace_update_num_locks: 10000
2021/06/22-14:06:58.473261 438c               Options.memtable_prefix_bloom_size_ratio: 0.000000
2021/06/22-14:06:58.473265 438c               Options.memtable_whole_key_filtering: 0
2021/06/22-14:06:58.473269 438c   Options.memtable_huge_page_size: 0
2021/06/22-14:06:58.473272 438c                           Options.bloom_locality: 0
2021/06/22-14:06:58.473275 438c                    Options.max_successive_merges: 0
2021/06/22-14:06:58.473278 438c                Options.optimize_filters_for_hits: 0
2021/06/22-14:06:58.473281 438c                Options.paranoid_file_checks: 0
2021/06/22-14:06:58.473284 438c                Options.force_consistency_checks: 1
2021/06/22-14:06:58.473288 438c                Options.report_bg_io_stats: 0
2021/06/22-14:06:58.473291 438c                               Options.ttl: 2592000
2021/06/22-14:06:58.473294 438c          Options.periodic_compaction_seconds: 0
2021/06/22-14:06:58.473297 438c                    Options.enable_blob_files: false
2021/06/22-14:06:58.473301 438c                        Options.min_blob_size: 0
2021/06/22-14:06:58.473304 438c                       Options.blob_file_size: 268435456
2021/06/22-14:06:58.473307 438c                Options.blob_compression_type: NoCompression
2021/06/22-14:06:58.473310 438c       Options.enable_blob_garbage_collection: false
2021/06/22-14:06:58.473314 438c   Options.blob_garbage_collection_age_cutoff: 0.250000
2021/06/22-14:06:58.473420 438c [db\db_impl\db_impl.cc:2632] Created column family [] (ID 2)
2021/06/22-14:06:58.479158 438c [db\column_family.cc:597] --------------- Options for column family []:
2021/06/22-14:06:58.479172 438c               Options.comparator: leveldb.BytewiseComparator
2021/06/22-14:06:58.479176 438c           Options.merge_operator: None
2021/06/22-14:06:58.479179 438c        Options.compaction_filter: None
2021/06/22-14:06:58.479182 438c        Options.compaction_filter_factory: None
2021/06/22-14:06:58.479185 438c  Options.sst_partitioner_factory: None
2021/06/22-14:06:58.479189 438c         Options.memtable_factory: SkipListFactory
2021/06/22-14:06:58.479192 438c            Options.table_factory: BlockBasedTable
2021/06/22-14:06:58.479218 438c            table_factory options:   flush_block_policy_factory: FlushBlockBySizePolicyFactory (00000263D4782F10)
  cache_index_and_filter_blocks: 0
  cache_index_and_filter_blocks_with_high_priority: 1
  pin_l0_filter_and_index_blocks_in_cache: 0
  pin_top_level_index_and_filter: 1
  index_type: 0
  data_block_index_type: 0
  index_shortening: 1
  data_block_hash_table_util_ratio: 0.750000
  hash_index_allow_collision: 1
  checksum: 1
  no_block_cache: 0
  block_cache: 00000263D24D76E0
  block_cache_name: LRUCache
  block_cache_options:
    capacity : 8388608
    num_shard_bits : 4
    strict_capacity_limit : 0
    memory_allocator : None
    high_pri_pool_ratio: 0.000
  block_cache_compressed: 0000000000000000
  persistent_cache: 0000000000000000
  block_size: 4096
  block_size_deviation: 10
  block_restart_interval: 16
  index_block_restart_interval: 1
  metadata_block_size: 4096
  partition_filters: 0
  use_delta_encoding: 1
  filter_policy: nullptr
  whole_key_filtering: 1
  verify_compression: 0
  read_amp_bytes_per_bit: 0
  format_version: 4
  enable_index_compression: 1
  block_align: 0
2021/06/22-14:06:58.479222 438c        Options.write_buffer_size: 67108864
2021/06/22-14:06:58.479226 438c  Options.max_write_buffer_number: 2
2021/06/22-14:06:58.479229 438c          Options.compression: Snappy
2021/06/22-14:06:58.479232 438c                  Options.bottommost_compression: Disabled
2021/06/22-14:06:58.479236 438c       Options.prefix_extractor: nullptr
2021/06/22-14:06:58.479239 438c   Options.memtable_insert_with_hint_prefix_extractor: nullptr
2021/06/22-14:06:58.479242 438c             Options.num_levels: 7
2021/06/22-14:06:58.479245 438c        Options.min_write_buffer_number_to_merge: 1
2021/06/22-14:06:58.479248 438c     Options.max_write_buffer_number_to_maintain: 0
2021/06/22-14:06:58.479252 438c     Options.max_write_buffer_size_to_maintain: 134217728
2021/06/22-14:06:58.479257 438c            Options.bottommost_compression_opts.window_bits: -14
2021/06/22-14:06:58.479262 438c                  Options.bottommost_compression_opts.level: 32767
2021/06/22-14:06:58.479266 438c               Options.bottommost_compression_opts.strategy: 0
2021/06/22-14:06:58.479269 438c         Options.bottommost_compression_opts.max_dict_bytes: 0
2021/06/22-14:06:58.479272 438c         Options.bottommost_compression_opts.zstd_max_train_bytes: 0
2021/06/22-14:06:58.479276 438c         Options.bottommost_compression_opts.parallel_threads: 1
2021/06/22-14:06:58.479279 438c                  Options.bottommost_compression_opts.enabled: false
2021/06/22-14:06:58.479282 438c            Options.compression_opts.window_bits: -14
2021/06/22-14:06:58.479285 438c                  Options.compression_opts.level: 32767
2021/06/22-14:06:58.479289 438c               Options.compression_opts.strategy: 0
2021/06/22-14:06:58.479292 438c         Options.compression_opts.max_dict_bytes: 0
2021/06/22-14:06:58.479295 438c         Options.compression_opts.zstd_max_train_bytes: 0
2021/06/22-14:06:58.479298 438c         Options.compression_opts.parallel_threads: 1
2021/06/22-14:06:58.479302 438c                  Options.compression_opts.enabled: false
2021/06/22-14:06:58.479305 438c      Options.level0_file_num_compaction_trigger: 4
2021/06/22-14:06:58.479308 438c          Options.level0_slowdown_writes_trigger: 20
2021/06/22-14:06:58.479311 438c              Options.level0_stop_writes_trigger: 36
2021/06/22-14:06:58.479314 438c                   Options.target_file_size_base: 67108864
2021/06/22-14:06:58.479318 438c             Options.target_file_size_multiplier: 1
2021/06/22-14:06:58.479321 438c                Options.max_bytes_for_level_base: 268435456
2021/06/22-14:06:58.479324 438c Options.level_compaction_dynamic_level_bytes: 0
2021/06/22-14:06:58.479327 438c          Options.max_bytes_for_level_multiplier: 10.000000
2021/06/22-14:06:58.479331 438c Options.max_bytes_for_level_multiplier_addtl[0]: 1
2021/06/22-14:06:58.479335 438c Options.max_bytes_for_level_multiplier_addtl[1]: 1
2021/06/22-14:06:58.479338 438c Options.max_bytes_for_level_multiplier_addtl[2]: 1
2021/06/22-14:06:58.479341 438c Options.max_bytes_for_level_multiplier_addtl[3]: 1
2021/06/22-14:06:58.479344 438c Options.max_bytes_for_level_multiplier_addtl[4]: 1
2021/06/22-14:06:58.479347 438c Options.max_bytes_for_level_multiplier_addtl[5]: 1
2021/06/22-14:06:58.479351 438c Options.max_bytes_for_level_multiplier_addtl[6]: 1
2021/06/22-14:06:58.479354 438c       Options.max_sequential_skip_in_iterations: 8
2021/06/22-14:06:58.479357 438c                    Options.max_compaction_bytes: 1677721600
2021/06/22-14:06:58.479360 438c                        Options.arena_block_size: 8388608
2021/06/22-14:06:58.479364 438c   Options.soft_pending_compaction_bytes_limit: 68719476736
2021/06/22-14:06:58.479367 438c   Options.hard_pending_compaction_bytes_limit: 274877906944
2021/06/22-14:06:58.479370 438c       Options.rate_limit_delay_max_milliseconds: 100
